3.548e+05 1.756e+00 5.000e-04 5.000e-04 9.150e-02 9.150e-02
4.467e+05 1.722e+00 6.000e-04 6.000e-04 9.150e-02 9.150e-02
5.623e+05 1.670e+00 7.000e-04 7.000e-04 9.090e-02 9.090e-02
7.079e+05 1.608e+00 8.000e-04 8.000e-04 9.030e-02 9.030e-02
8.913e+05 1.551e+00 1.000e-03 1.000e-03 9.030e-02 9.030e-02
1.122e+06 1.488e+00 1.200e-03 1.200e-03 9.050e-02 9.050e-02
1.413e+06 1.428e+00 1.500e-03 1.500e-03 9.130e-02 9.130e-02
1.778e+06 1.367e+00 1.800e-03 1.800e-03 9.250e-02 9.250e-02
2.239e+06 1.315e+00 2.200e-03 2.200e-03 9.460e-02 9.460e-02
2.818e+06 1.280e+00 2.700e-03 2.700e-03 9.780e-02 9.780e-02
3.548e+06 1.251e+00 3.300e-03 3.300e-03 1.016e-01 1.016e-01
4.467e+06 1.260e+00 4.100e-03 4.100e-03 1.072e-01 1.072e-01
5.623e+06 1.287e+00 5.100e-03 5.100e-03 1.138e-01 1.138e-01
7.079e+06 1.351e+00 6.400e-03 6.400e-03 1.222e-01 1.222e-01
8.913e+06 1.417e+00 8.300e-03 8.300e-03 1.309e-01 1.309e-01
1.122e+07 1.548e+00 1.040e-02 1.040e-02 1.427e-01 1.427e-01
1.413e+07 1.714e+00 1.320e-02 1.320e-02 1.565e-01 1.565e-01
1.778e+07 1.867e+00 1.650e-02 1.650e-02 1.706e-01 1.706e-01
2.239e+07 2.116e+00 2.030e-02 2.030e-02 1.901e-01 1.901e-01
2.818e+07 2.300e+00 2.510e-02 2.510e-02 2.075e-01 2.075e-01
