3.548e+05 1.822e+00 5.000e-04 5.000e-04 9.500e-02 9.500e-02
4.467e+05 1.793e+00 6.000e-04 6.000e-04 9.530e-02 9.530e-02
5.623e+05 1.745e+00 7.000e-04 7.000e-04 9.510e-02 9.510e-02
7.079e+05 1.688e+00 8.000e-04 8.000e-04 9.470e-02 9.470e-02
8.913e+05 1.633e+00 1.000e-03 1.000e-03 9.500e-02 9.500e-02
1.122e+06 1.573e+00 1.200e-03 1.200e-03 9.550e-02 9.550e-02
1.413e+06 1.516e+00 1.400e-03 1.400e-03 9.650e-02 9.650e-02
1.778e+06 1.455e+00 1.700e-03 1.700e-03 9.790e-02 9.790e-02
2.239e+06 1.404e+00 2.100e-03 2.100e-03 1.001e-01 1.001e-01
2.818e+06 1.365e+00 2.600e-03 2.600e-03 1.034e-01 1.034e-01
3.548e+06 1.335e+00 3.200e-03 3.200e-03 1.073e-01 1.073e-01
4.467e+06 1.336e+00 4.000e-03 4.000e-03 1.130e-01 1.130e-01
5.623e+06 1.355e+00 5.000e-03 5.000e-03 1.196e-01 1.196e-01
7.079e+06 1.406e+00 6.200e-03 6.200e-03 1.279e-01 1.279e-01
8.913e+06 1.467e+00 8.000e-03 8.000e-03 1.369e-01 1.369e-01
1.122e+07 1.582e+00 1.010e-02 1.010e-02 1.487e-01 1.487e-01
1.413e+07 1.741e+00 1.290e-02 1.290e-02 1.628e-01 1.628e-01
1.778e+07 1.899e+00 1.620e-02 1.620e-02 1.775e-01 1.775e-01
2.239e+07 2.119e+00 2.040e-02 2.040e-02 1.967e-01 1.967e-01
2.818e+07 2.301e+00 2.510e-02 2.510e-02 2.148e-01 2.148e-01
