# Z. Cao et al., Phys. Rev. Lett. 132, 131002
# [0] Energy (GeV)	[1] Flux (GeV^−1 m^−2 s^−1 sr^−1)	[2] Stat error	[3] Syst error
3.548133892335753189e+05 5.195199999999999674e-11 1.100000000000000046e-14 1.742999999999999944e-12
4.466835921509625623e+05 2.766499999999999895e-11 6.999999999999999361e-15 9.279999999999998828e-13
5.623413251903479686e+05 1.475399999999999953e-11 4.999999999999999994e-15 4.950000000000000112e-13
7.079457843841358554e+05 7.843700000000000596e-12 2.999999999999999839e-15 2.631000000000000098e-13
8.912509381337421946e+05 4.168700000000000200e-12 2.000000000000000155e-15 1.397999999999999950e-13
1.122018454301958438e+06 2.217499999999999790e-12 1.299999999999999825e-15 7.439999999999999095e-14
1.412537544622746762e+06 1.180399999999999898e-12 7.999999999999999833e-16 3.960000000000000292e-14
1.778279410038911970e+06 6.281799999999999547e-13 5.399999999999999986e-16 2.107000000000000198e-14
2.238721138568324037e+06 3.318600000000000117e-13 3.500000000000000173e-16 1.113000000000000060e-14
2.818382931264432147e+06 1.736599999999999891e-13 2.299999999999999903e-16 5.820000000000000697e-15
3.548133892335724086e+06 8.957599999999999616e-14 1.450000000000000142e-16 3.003999999999999904e-15
4.466835921509589069e+06 4.539100000000000571e-14 9.200000000000000350e-17 1.522000000000000080e-15
5.623413251903433353e+06 2.267999999999999777e-14 5.799999999999999336e-17 7.610000000000000398e-16
7.079457843841301277e+06 1.112300000000000029e-14 3.599999999999999949e-17 3.729999999999999966e-16
8.912509381337350234e+06 5.336700000000000910e-15 2.230000000000000306e-17 1.789999999999999997e-16
1.122018454301949218e+07 2.614000000000000272e-15 1.390000000000000153e-17 8.770000000000001251e-17
1.412537544622735307e+07 1.269700000000000102e-15 8.699999999999999929e-18 4.260000000000000443e-17
1.778279410038897395e+07 6.313299999999999463e-16 5.439999999999999557e-18 2.117999999999999977e-17
2.238721138568305597e+07 3.098899999999999927e-16 3.400000000000000012e-18 1.039000000000000095e-17
2.818382931264408678e+07 1.569199999999999939e-16 2.149999999999999730e-18 5.259999999999999745e-18
