1.268829999999999958e-01 8.178635147394038235e-04 2.386667721022020603e-04 2.386667721022019519e-04
2.010969999999999980e-01 4.358368682102751503e-04 1.165388522195887500e-04 1.165388522195887500e-04
3.187169999999999725e-01 2.128866393270368348e-04 5.175214394946667414e-05 5.175214394946664703e-05
5.051320000000000254e-01 9.454492607424995389e-05 2.057716076073717708e-05 2.057716076073717708e-05
8.005799999999999583e-01 3.798856636397431068e-05 7.326821743554919747e-06 7.326821743554926523e-06
1.268829999999999902e+00 1.327940017586505841e-05 2.231587691152151127e-06 2.231587691152152821e-06
2.010969999999999924e+00 3.957857372459192437e-06 5.760243796326269866e-07 5.760243796326274101e-07
3.187170000000000059e+00 1.411799859296437385e-06 1.779102490460832903e-07 1.779102490460832903e-07
5.051319999999999588e+00 3.810571755188651411e-07 4.195649438161108087e-08 4.195649438161108087e-08
8.005800000000000693e+00 1.163826551989769032e-07 1.134168793930170144e-08 1.134168793930168821e-08
1.268829999999999991e+01 2.851892059095186499e-08 2.513259988781860144e-09 2.513259988781863453e-09
2.010970000000000013e+01 8.342923561238150525e-09 6.970775303032169030e-10 6.970775303032169030e-10
3.187170000000000059e+01 2.615191436989259178e-09 2.246515693250952823e-10 2.246515693250952823e-10
5.051319999999999766e+01 7.371239351127006570e-10 6.947130273242092990e-11 6.947130273242092990e-11
8.005800000000000693e+01 2.537962538621776101e-10 2.704101502943748611e-11 2.704101502943751195e-11
1.268829999999999956e+02 7.980083476678475850e-11 9.872751819862150344e-12 9.872751819862163269e-12
2.010970000000000084e+02 2.824425083441159781e-11 4.069089176877962029e-12 4.069089176877962029e-12
3.187169999999999845e+02 9.287271142231503515e-12 1.529803486993237368e-12 1.529803486993237368e-12
5.051320000000000050e+02 2.386430210490969822e-12 3.762251949309935442e-13 4.239537991408131911e-13
