1.268829999999999958e-01 1.369415449298268207e-03 3.996016339719145414e-04 3.996016339719145414e-04
2.010969999999999980e-01 7.375938632327703505e-04 1.972165335841143423e-04 1.972165335841143423e-04
3.187169999999999725e-01 3.605562593289024769e-04 8.764547235811184518e-05 8.764547235811184518e-05
5.051320000000000254e-01 1.600400997545122601e-04 3.482954803071109089e-05 3.482954803071109089e-05
8.005799999999999583e-01 6.377410531244731009e-05 1.229904718563349834e-05 1.229904718563349156e-05
1.268829999999999902e+00 2.159860016433335018e-05 3.629222397663079151e-06 3.629222397663082539e-06
2.010969999999999924e+00 5.994987057913977503e-06 8.723757254960066494e-07 8.723757254960074964e-07
3.187170000000000059e+00 2.313667094553432519e-06 2.914995087889794250e-07 2.914995087889794250e-07
5.051319999999999588e+00 6.038401037452843212e-07 6.646681126172800405e-08 6.646681126172800405e-08
8.005800000000000693e+00 2.059721397133385781e-07 2.006430051014593769e-08 2.006430051014593769e-08
1.268829999999999991e+01 5.197304548726595601e-08 4.577734442700192556e-09 4.577734442700192556e-09
2.010970000000000013e+01 1.648044365169528613e-08 1.376090008241373273e-09 1.376090008241376582e-09
3.187170000000000059e+01 5.425952652571735834e-09 4.657754826640473955e-10 4.657754826640482227e-10
5.051319999999999766e+01 1.576069215950954372e-09 1.484401995424386520e-10 1.484401995424386520e-10
8.005800000000000693e+01 5.733467893879191863e-10 6.105109302635494633e-11 6.105109302635504973e-11
1.268829999999999956e+02 1.718019543303041215e-10 2.124391350141199377e-11 2.124391350141196792e-11
2.010970000000000084e+02 6.073113867754898180e-11 8.745405149239647361e-12 8.745405149239640899e-12
3.187169999999999845e+02 2.044512335553300339e-11 3.366286413020419528e-12 3.366286413020419528e-12
5.051320000000000050e+02 5.643165893700264885e-12 1.002060043274367208e-12 1.002060043274367208e-12
